 

aeaeffisszffiaeaezssssssaeae ssaezffiqbsslbaesssslplbliubi>{bssssaeaessaessssssssaesszsslb32

longitudo. Pars.

sGM

5 30
29 0
8 0
9 0
11 50
12 20
3 lo
3 50
5 ο
6 10
12 40
17 2ο
7 50
7 30
6 40
2 ο
28 50
25 40
24 50
22 30
22 30
23 20
8 10
6 10
7 30
29 50
5 10
:6 10
1 0
28 10
14 0
4 30
17 50
15 40
20 50
24 0
22 50
2ο 0
20 30
24 30
23 30
25 30
11 50
11 40
12 50
28 40

TABVLA

latitudo.
Lati.
S G M
22 30
27 30
22 20
23 45
18 15
20 50
28 20
29 20
28 0
26 30
Merid. 25 15
24 0
33 30
31 ο
33 0
34 50
37 40
40 0
40 20
41 0
46 10
46 45
40 45
43 0
43 45
51 10
5¹ 40
55 10
55 20
44 10
45 20
Μενίᾱ. 49 10
Beffltolae.
24 50
29 lo
21 15
21 0
254 10
Merid. 27 0
29 0
28 30
30 10
33 10
31 20
30 30
29 20
17 0

 

 

 

 

{ltongituda ‘Pars- . latitudo.
ξς G Μ L‘m‘ s G M

3 zm 29 ιο ις 20

4 effi 25 3⁰ 13 20

4¹4ss 26 30 11 50

4 aas 17 0 11 50

4 ‘m 16 20 Merid. 10 0

4 Are.

4 ss 17 30 Merid. 22 40

4 ss 23 0 25 45

4 ss 16 10 26 30

4 ss 10 30 31 20

3 ss 15 0 34 10

4ss 14 50 33 20

3 ss 10 40 Merid. 34 15

5 coronae australis.

5 .Ῑέ 29 ο Merid. 24 45

5 '10 1 30 21 o

5 '10 3 ο 23 ο

3 Ίο 4 40 20 ο

4 70 6 o 18 30

ς '50 6 50 Merid. ¹7 10

3 *lo 6 4 16 0

4 *10 6 20 15 10

4 '50 5 0 15 20

270 4 30 14 50

3 50 1 40 ¹4 40

2 ss 29 10 15 50

2 ss 29 o 18 30

4 )( Merid-

2 ae 26 50 Merid. 23 ο
m 20 30 23 0
με. 24 0 22 15
,ως 25 10 22 30
m 24 10 ¹6 15

3 aa 15 0 19 30

3 22».- 21 0 15 10
*ae ¹8 40 14 40
*m 15 ο 15 o

ᾗ 13, ξε ἕξ {3

ς aa: 10 0 Merid. '2 15

5 Extra formam.

5 70 27 50 Merid. 22 20

5 m 1 0 22 10

5 „ac 3 59 21 10

4⁸*ae 1 50 20 50

4122 ³ 40 . ¹7 0

4¹22: 3 40 Merzd. 14 50

3

ἓν
-bz
{a

73

ἓ

4
4
4
4
4
5
4
4
5
4
4
4
4
5
5
1
5
4
4
4
6
6
5
5
5
1
4
ἦ
4
4
5

5
4
4
4
4
4

Ua

ww

5

-ῥ

4

